0,527
195,35
3,2
3,1
3,3
10,94
10,30
10,176
10,114
10,164
10,20
11,4
11,18
11,20
11,24
11,29
8,17
8,16
8,11
8,13
2,2
2,1
2,3
164,3
164,2
164,1
164,0
163,3
163,2
163,1
163,0
162,4
162,3
162,2
162,1
162,0
161,7
161,6
161,5
161,4
161,3
161,2
161,1
161,0
160,3
160,2
160,1
160,0
159,3
159,2
159,1
159,0
158,3
158,2
158,1
158,0
157,3
157,2
157,1
157,0
156,3
156,2
156,1
156,0
155,3
155,2
155,1
155,0
154,3
154,2
154,1
154,0
153,7
153,6
153,5
153,4
153,3
153,2
153,1
153,0
152,3
152,2
152,1
152,0
151,3
151,2
151,1
151,0
150,3
150,2
150,1
150,0
149,3
149,2
149,1
149,0
148,3
148,2
148,1
148,0
147,3
147,2
147,1
147,0
146,3
146,1
20,3
20,2
20,1
19,3
19,2
19,1
18,3
18,1
17,3
17,2
17,1
16,3
16,2
16,1
15,3
15,2
15,1
14,4
14,3
14,1
13,3
13,1
